-2.8680047949270615, 1.0
-2.858854779534335, 0.9713199520507294
-2.850329002605985, 0.942731404255386
-2.8423912110963627, 0.9142281142293261
-2.8350089574075907, 0.8858042021183625
-2.8281531763439176, 0.8574541125442866
-2.821797822123631, 0.8291725807808474
-2.8218612478232883, 0.8009546025596112
-2.8229760686686114, 0.7727359900813783
-2.8244143103188115, 0.7445062293946921
-2.8261814264051295, 0.716262086291504
-2.82828385626428, 0.6880002720274527
-2.830729070924797, 0.6597174334648099
-2.8322722865369023, 0.631410142755562
-2.8016202377448187, 0.6030874198901929
-2.7699838981653526, 0.5750712175127447
-2.737282686446924, 0.5473713785310912
-2.703431478961241, 0.5199985516666219
-2.6683404269167474, 0.49296423687700947
-2.6319148258912866, 0.466280832607842
-2.594055058380944, 0.4399616843489291
-2.5546566354238602, 0.4140211337651197
-2.5136103699087835, 0.38847456741088104
-2.470802721915302, 0.36333846371179324
-2.42611636539427, 0.33863043649264024
-2.382352266537643, 0.31436927283869753
-2.337309742576855, 0.2905457501733211
-2.289639683030307, 0.2671726527475526
-2.239206109976641, 0.24427625591724952
-2.1858772259674715, 0.22188419481748312
-2.1295293795516264, 0.2000254225578084
-2.070052035064724, 0.17873012876229213
-2.0073538684129573, 0.1580296084116449
-1.9413700761016637, 0.13795606972751534
-1.8720709209032957, 0.1185423689664987
-1.7994714351042698, 0.09982165975746574
-1.723642052915901, 0.08182694540642305
-1.6447197428560583, 0.06459052487726404
-1.5629189622022037, 0.04814332744870345
-1.4785414758923079, 0.032514137826681416
-1.3919838072921606, 0.017728723067758335
-1.3037408760301328, 0.003808884994836729
-1.2403037557561871, -0.009228523765464599
-1.1910538880337491, -0.02163156132302647
-1.1456595370939173, -0.03354210020336396
-1.1036361208009537, -0.04499869557430314
-1.0645800804689531, -0.05603505678231267
-1.0281522442647142, -0.0666808575870022
-0.9940651883440443, -0.07696238002964935
-0.9620735066556042, -0.08690303191308979
-0.9319662292556228, -0.09652376697964583
-0.903560849562774, -0.10584342927220206
-0.8766985716624152, -0.11487903776782979
-0.8512404934326964, -0.12364602348445394
-0.8270645150849839, -0.1321584284187809
-0.8040628155130963, -0.14042907356963075
-0.7821397771059139, -0.1484697017247617
-0.761210267734547, -0.15629109949582085
-0.7411982094291131, -0.1639032021731663
-0.7220353788460029, -0.17131518426745745
-0.7036603964161422, -0.1785355380559175
-0.6860178700632044, -0.1855721420200789
-0.6690576663070373, -0.19243232072071095
-0.6527342869411877, -0.19912289738378133
-0.6370063336735379, -0.2056502402531932
-0.6218360464251345, -0.21202030358992857
-0.6071889036018069, -0.2182386640541799
-0.5930332747418404, -0.22431055309019798
-0.5793401176182091, -0.2302408858376164
-0.5660827132251103, -0.2360342870137985
-0.5532364331743002, -0.2416951141460496
-0.5407785349198115, -0.2472274784777926
-0.5286879809610789, -0.25263526382699075
-0.5169452787763135, -0.25792214363660154
-0.5055323387353304, -0.2630915964243647
-0.4944323476537787, -0.268146919811718
-0.4836296559946733, -0.2730912432882558
-0.47310967701079926, -0.2779275398482025
-0.4628587963630901, -0.2826586366183105
-0.4528642909535935, -0.2872872245819414
-0.4431142558836716, -0.2918158674914773
-0.43359753859398853, -0.296247010050314
-0.4243036793670343, -0.3005829854362539
-0.415222857478838, -0.3048260222299242
-0.40634584237725885, -0.3089782508047126
-0.39766394934206356, -0.3130417092284852
-0.38923864139736863, -0.3170183487219058
-0.38107155532983394, -0.32091073513587953
-0.3730660214848846, -0.32472145068917785
-0.3652156870130156, -0.3284521109040267
-0.35751454407894584, -0.33210426777415686
-0.3499569065868382, -0.3356794132149463
-0.34253738879935397, -0.3391789822808147
-0.3352508856712413, -0.34260435616880824
-0.328092554737451, -0.34595686502552064
-0.3210577994127689, -0.34923779057289517
-0.31414225357488923, -0.3524483685670229
-0.30734176731610563, -0.3555897911027718
-0.30065239376045494, -0.35866320877593283
-0.2940703768535237, -0.36166973271353736
-0.28759214004132805, -0.3646104364820726
-0.28121427576283947, -0.36748635788248585
-0.2749335356880305, -0.37029850064011427
-0.26874682163978814, -0.3730478359969946
-0.26265117714387315, -0.37573530421339246
-0.2566437795562604, -0.3783618159848312
-0.250721932721887, -0.3809282537803938
-0.244883060122965, -0.38343547310761267
-0.23912469847880602, -0.3858843037088423
-0.23344449176244408, -0.38827555069363034
-0.227840185602401, -0.3906099956112548
-0.22230962204067492, -0.3928883974672788
-0.216850734620504, -0.39511149368768556
-0.21146154377969373, -0.3972800010338906
-0.206140152527329, -0.39939461647168756
-0.20088474238351922, -0.40145601799696085
-0.19569356956349887, -0.403464865420796
-0.19056496138890125, -0.405421801116431
-0.1854973129104271, -0.40732745073032
-0.18048908372735245, -0.40918242385942427
-0.17553879499047395, -0.4109873146966978
-0.1706450265761381, -0.41274270264660257
-0.16580641441992855, -0.41444915291236395
-0.1610216479994773, -0.41610721705656323
-0.15628946795664367, -0.417717433536558
-0.15160866385003663, -0.41928032821612443
-0.14697807202952218, -0.4207964148546248
-0.14239657362497185, -0.42226619557492007
-0.1378630926420601, -0.42369016131116977
-0.13337659415844158, -0.42506879223759036
-0.12893608261411252, -0.4264025581791748
-0.12454060019018877, -0.4276919190053159
-0.12018922527074599, -0.42893732500721776
-0.11588107098272776, -0.4301392172599252
-0.1116152838092767, -0.4312980279697525
-0.10739104227214676, -0.4324141808078452
-0.103207555679164, -0.4334880912305667
-0.09906406293295868, -0.43452016678735833
-0.09495983139743686, -0.4355108074166879
-0.09089415581871053, -0.43646040573066225
-0.08686635729739829, -0.43736934728884935
-0.08287578230941273, -0.43823801086182335
-0.07892180177253992, -0.43906676868491745
-0.07500381015628166, -0.43985598670264286
-0.07112122463259087, -0.4406060248042057
-0.06727348426527599, -0.4413172370505316
-0.06346004923599015, -0.44198997189318434
-0.059680400104845883, -0.44262457238554426
-0.055934037103817946, -0.4432213763865927
-0.05222047946120065, -0.44378071675763087
-0.04853926475549731, -0.4443029215522429
-0.04488994829721234, -0.44478831419979786
-0.04127210253710016, -0.44523721368276997
-0.037685316499521324, -0.44564993470814096
-0.03412919523961939, -0.44602678787313615
-0.03060335932312445, -0.44636807982553234
-0.027107444327631812, -0.44667411341876356
-0.02364110036429628, -0.4469451878620399
-0.020203991618918917, -0.44718159886568287
-0.016795795911477344, -0.44738363878187204
-0.013416204273186665, -0.4475515967409868
-0.010064920540244231, -0.4476857587837187
-0.0067416609634402165, -0.4477864079891211
-0.0034461538328800154, -0.4478538245987555
-1.7813911707885492E-4, -0.4478882861370843
0.003064543985705236, -0.4478900675282551
0.006284414671494698, -0.4478594220883981
0.009481565691071375, -0.44779657794168315
0.012656075680338469, -0.44770176228477243
0.015808015866206126, -0.44757520152796904
0.018937450226131365, -0.44741712136930695
0.022044435643612054, -0.44722774686704564
0.025129022059841067, -0.4470073025106095
0.028191252621726844, -0.4467560122900111
0.031231163826465687, -0.4464740997637938
0.03424878566286377, -0.44616178812552915
0.03724414174957775, -0.4458193002689005
0.04021724947045396, -0.4454468588514047
0.04316812010713363, -0.4450446863567002
0.046096758969084904, -0.44461300515562885
0.04900316552121367, -0.444152037565938
0.0518873335092163, -0.44366200591072585
0.05474925108280594, -0.4431431325756337
0.057588900916966355, -0.4425956400648056
0.060406260331360345, -0.44201975105563596
0.06320130140803597, -0.4414156884523224
0.06597399110755038, -0.44078367543824204
0.06872429138364206, -0.44012393552716655
0.07145215929656792, -0.4394366926133301
0.07415754712523019, -0.4387221710203644
0.07684040247819864, -0.4379805955491121
0.07950066840374821, -0.4372121915243301
0.08213828349901238, -0.4364171848402926
0.08475318201836343, -0.4355958020053025
0.08734529398111905, -0.43474827018511886
0.0899145452786753, -0.4338748172453077
0.09246085778116199, -0.43297567179252094
0.09498414944371994, -0.4320510632147093
0.09748433441248457, -0.4311012217202721
0.09996132313037329, -0.43012637837614726
0.1024150224427564, -0.42912676514484355
0.10484533570310475, -0.42810261492041596
0.10725216287869473, -0.42705416156338494
0.10963540065644403, -0.425981639934598
0.11199494254897335, -0.42488528592803354
0.11433067900095276, -0.42376533650254383
0.11664249749582507, -0.4226220297125343
0.11893028266296686, -0.4214556047375761
0.12119391638536316, -0.42026630191094644
0.1234332779078679, -0.4190543627470928
0.1256482439461144, -0.4178200299680141
0.12783868879614335, -0.41656354752855296
0.13000448444481108, -0.4152851606405915
0.1321455006810407, -0.4139851157961434
0.13426160520798003, -0.412663660789333
0.1363526637561186, -0.41132104473725317
0.138418540197425, -0.409957518099692
0.14045909666056114, -0.40857333269771773
0.14247419364721833, -0.4071687417311121
0.14446369014963278, -0.40574399979463993
0.1464274437693335, -0.4042993628931436
0.14836531083715507, -0.4028350884554503
0.15027714653457674, -0.40135143534707873
0.15216280501642138, -0.39984866388173296
0.15402213953495292, -0.39832703583156875
0.15585500256541948, -0.3967868144362192
0.15766124593307151, -0.395228264410565
0.15944072094168804, -0.3936516519512343
0.1611932785036488, -0.3920572447418174
0.16291876927157511, -0.39044531195678095
0.1646170437715637, -0.3888161242640652
0.1662879525380445, -0.38716995382634956
0.16793134625027822, -0.3855070743009691
0.16954707587050924, -0.3838277608384663
0.1711349927837918, -0.38213229007976124
0.17269494893950113, -0.38042094015192335
0.1742267969945342, -0.37869399066252835
0.17573039045820754, -0.376951722692583
0.17720558383885518, -0.3751944187880009
0.17865223279211598, -0.37342236294961234
0.18007019427091805, -0.3716358406216912
0.18145932667713394, -0.369835138678982
0.1828194900149066, -0.36802054541221063
0.18415054604562037, -0.36619235051206156
0.1854523584444929, -0.36435084505160537
0.18672479295877187, -0.36249632146716043
0.18796771756748673, -0.36062907353757273
0.18918100264273488, -0.35874939636189784
0.19036452111245897, -0.3568575863354705
0.19151814862465585, -0.3549539411243459
0.19264176371298183, -0.3530387596380994
0.19373524796368896, -0.3511123420009696
0.19479848618383047, -0.3491749895213327
0.19583136657066574, -0.3472270046594944
0.19683378088219727, -0.34526869099378776
0.19780562460875215, -0.34330035318496577
0.19874679714552398, -0.3413222969388782
0.1996572019659862, -0.339334828967423
0.20053674679607628, -0.33733825694776315
0.20138534378904147, -0.3353328894798024
0.2022029097008428, -0.333319036041912
0.20298936606598897, -0.33129700694490355
0.2037446393736827, -0.3292671132842437
0.20446866124414265, -0.32722966689050687
0.20516136860496392, -0.3251849802780654
0.20582270386736973, -0.3231333665920158
0.2064526151021969, -0.3210751395533421
0.20705105621546546, -0.3190106134023201
0.20761798712334797, -0.31694010284016544
0.20815337392637923, -0.31486392296893195
0.20865718908271194, -0.31278238922966817
0.20912941158023515, -0.31069581733884105
0.20957002710735653, -0.3086045232230387
0.20997902822224088, -0.30650882295196513
0.21035641452030188, -0.30440903266974273
0.21070219279971747, -0.3023054685245397
0.2110163772247547, -0.30019844659654255
0.21129898948666462, -0.298088282824295
0.21155005896191184, -0.29597529292942837
0.21176962286749243, -0.29385979233980924
0.2119577264130936, -0.29174209611113433
0.21211442294982957, -0.2896225188470034
0.21223977411530207, -0.28750137461750513
0.2123338499747122, -0.2853789768763521
0.21239672915774663, -0.283255638376605
0.21242849899097335, -0.2811316710850275
0.21242925562545492, -0.27900738609511777
0.21239910415929916, -0.2768830935388632
0.21233815875486098, -0.2747591024972702
0.21224654275030153, -0.2726357209097216
0.21212438876521383, -0.2705132554822186
0.2119718388000222, -0.2683920115945665
0.21178904432885992, -0.26627229320656626
0.21157616638562693, -0.2641544027632777
0.21133337564294263, -0.26203864109942143
0.2110608524836878, -0.259925307342992
0.2107587870648547, -0.25781469881815516
0.21042737937341596, -0.25570711094750664
0.21006683927391906, -0.25360283715377246
0.20967738654754117, -0.25150216876103326
0.2092592509223128, -0.24940539489555785
0.20881267209425777, -0.2473128023863347
0.20833789973917782, -0.24522467566539213
0.20783519351482943, -0.24314129666800036
0.20730482305325657, -0.24106294473285206
0.2067470679430402, -0.2389898965023195
0.20616221770123694, -0.2369224258228891
0.20555057173480906, -0.23486080364587675
0.20491243929133549, -0.23280529792852866
0.20424813939883274, -0.2307561735356153
0.20355800079450204, -0.22871369214162698
0.20284236184227056, -0.22667811213368197
0.2021015704389726, -0.22464968851525927
0.20133598390906574, -0.22262867281086954
0.2005459688877847, -0.2206153129717789
0.19973190119264111, -0.21860985328290103
0.19889416568323479, -0.21661253427097463
0.19803315610931904, -0.21462359261414227
0.19714927494712117, -0.21264326105304907
0.19624293322392317, -0.21067176830357787
0.19531455033093734, -0.20870933897133864
0.19436455382453904, -0.20675619346802926
0.19339337921593147, -0.20481254792978387
0.19240146974936576, -0.20287861413762456
0.1913892761690429, -0.20095459944013092
0.19035725647485932, -0.19904070667844048
0.18930587566719176, -0.19713713411369188
0.1882356054809349, -0.19524407535701996
0.18714692410903025, -0.1933617193022106
0.18604031591576767, -0.1914902500611203
0.1849162711401441, -0.18962984690196263
0.1837752855896175, -0.18778068419056118
0.18261786032459454, -0.185942931334665
0.18144450133403983, -0.18411675273141906
0.1802557192026009, -0.18230230771807865
0.17905202876968743, -0.18049975052605263
0.17783394878094755, -0.17870923023835575
0.17660200153262165, -0.17693089075054627
0.17535671250927606, -0.17516487073522005
0.174098610015433, -0.1734113036101273
0.17282822480163984, -0.17167031750997297
0.17154608968553714, -0.16994203526195656
0.17025273916851125, -0.1682265743651012
0.16894870904851345, -0.16652404697341608
0.16763453602967243, -0.16483455988293094
0.16631075732931613, -0.1631582145226342
0.16497791028303402, -0.16149510694934105
0.1636365319484407, -0.1598453278465107
0.16228715870828567, -0.1582089625270263
0.1609303258735727, -0.15658609093994344
0.1595665672873559, -0.1549767876812077
0.15819641492988606, -0.15338112200833415
0.15682039852577198, -0.15179915785903528
0.15543904515382653, -0.15023095387377755
0.15405287886026592, -0.14867656342223928
0.15266242027592672, -0.14713603463363661
0.1512681862381422, -0.14560941043087736
0.1498706894179354, -0.14409672856849592
0.14847043795315779, -0.14259802167431657
0.14706793508819063, -0.141113317294785
0.1456636788208228, -0.13964263794390308
0.14425816155688315, -0.13818600115569485
0.14285186977321337, -0.136743419540126
0.14144528368950984, -0.13531490084239386
0.14003887694958927, -0.13390044800549877
0.13863311631255743, -0.1325000592360029
0.137228461354384, -0.1311137280728773
0.13582536418031305, -0.12974144345933347
0.13442426914856248, -0.12838318981753033
0.1330256126056916, -0.12703894712604472
0.13162982263400383, -0.1257086909999878
0.13023731881133682, -0.12439239277364776
0.12884851198353686, -0.1230900195855344
0.12746380404988344, -0.12180153446569902
0.1260835877617253, -0.12052689642520019
0.12470824653451888, -0.11926606054758293
0.12333815427345188, -0.11801897808223774
0.12197367521279144, -0.11678559653950323
0.12061516376906715, -0.11556585978737531
0.11926296440816497, -0.11435970814968464
0.11791741152636621, -0.113167078505603
0.11657882934534648, -0.11198790439033933
0.11524753182111333, -0.11082211609688586
0.1139238225668227, -0.10966964077867472
0.11260799478938507, -0.1085304025530065
0.11130033123975382, -0.10740432260511265
0.1100011041767405, -0.10629131929271511
0.1087105753441902, -0.1051913082509477
0.10742899596130671, -0.10410420249750581
0.10615660672590736, -0.10302991253789275
0.10489363783035013, -0.10196834647063367
0.10364030898986044, -0.10091941009233017
0.10239682948294686, -0.09988300700243156
0.10116339820360395, -0.0988590387076021
0.09994020372494654, -0.09784740472556606
0.09872742437392829, -0.0968480026883166
0.09752522831676359, -0.09586072844457731
0.09633377365466349, -0.09488547616140967
0.09515320852949197, -0.09392213842486304
0.09398367123891925, -0.09297060633956812
0.09282529036063956, -0.09203076962717893
0.09167818488524372, -0.09110251672357253
0.09054246435727568, -0.09018573487472009
0.08941822902404828, -0.08928031023114734
0.0883055699917546, -0.08838612794090686
0.0872045693884139, -0.08750307224098931
0.08611530053321798, -0.08663102654710518
0.08503782811179529, -0.085769873541773
0.08397220835694882, -0.08491949526065505
0.08291848923441357, -0.08407977317708556
0.08187671063318354, -0.08325058828474143
0.08084690455995426, -0.0824318211784096
0.07982909533724887, -0.08162335213281005
0.07882329980479386, -0.08082506117943757
0.07782952752370577, -0.08003682818138963
0.07684778098308982, -0.07925853290615258
0.07587805580862755, -0.07849005509632168
0.07492034097275835, -0.0777312745382354
0.07397461900606862, -0.07698207112850781
0.07304086620951486, -0.07624232493844713
0.07211905286710828, -0.07551191627635198
0.07120914345871629, -0.07479072574768089
0.07031109687263597, -0.07407863431309372
0.06942486661762108, -0.07337552334436737
0.06855040103404002, -0.07268127467819116
0.06768764350387627, -0.07199577066785076
0.06683653265927791, -0.071318894232812
0.06599700258939295, -0.07065052890621921
0.06516898304523176, -0.06999055888032528
0.06435239964230913, -0.06933886904987296
0.06354717406085227, -0.06869534505344987
0.06275322424334004, -0.06805987331284136
0.06197046458920236, -0.06743234107040795
0.061198806146462184, -0.06681263642451593
0.060438156800175634, -0.06620064836305131
0.059688421457499245, -0.06559626679504955
0.058949502229239004, -0.06499938258047457
0.05822129860775982, -0.06440988755818218
0.0575037076411196, -0.06382767457210459
0.056796624103345, -0.06325263749569339
0.056099940660725954, -0.06268467125465994
0.055413548034077845, -0.06212367184805268
0.054737335156876364, -0.061569536367711904
0.05407118932921386, -0.06102216301614314
0.05341499636753419, -0.060481451122851
0.052768640750092854, -0.05994730115917566
0.052132005758128416, -0.05941961475167473
0.051504973612709226, -0.058898294694093446
0.050887425607266605, -0.05838324495796635
0.05027924223578143, -0.05787437070189368
0.04968030331666502, -0.057371578279535866
0.049090488112312904, -0.05687477524636922
0.04850967544438181, -0.05638387036524609
0.04793774380479264, -0.055898773610802276
0.04737457146251356, -0.05541939617275435
0.04682003656614686, -0.054945650458129214
0.04627401724237421, -0.054477450092467745
0.045736391690302906, -0.054014709920044
0.045207038271781484, -0.05355734600314097
0.04468583559772885, -0.05310527562042316
0.04417266261054345, -0.05265841726444587
0.04366739866267101, -0.05221669063834043
0.04316992359139332, -0.05178001665171372
0.042680117789899566, -0.05134831741579979
0.04219786227474526, -0.05092151623790079
0.04172303874974392, -0.050499537615153335
0.041255529666402384, -0.050082307227655894
0.04079521828095747, -0.04966975193099187
0.04034198870811519, -0.049261799748182296
0.03989572597156253, -0.04885837986110114
0.039456316051360685, -0.04845942260138552
0.03902364592827222, -0.04806485944087191
0.038597603625147414, -0.047674622981589185
0.03817807824542652, -0.04728864694533771
0.03776496000886704, -0.04690686616288344
0.03735814028457013, -0.046529216562794774
0.036957511621401866, -0.046155635159949075
0.03656296777589158, -0.045786060043735054
0.03617440373769934, -0.045420430365976136
0.03579171575272853, -0.04505868632859914
0.03541480134398624, -0.04470076917107186
0.035043559330253625, -0.044346621157631994
0.03467788984266785, -0.04399618556432946
0.03431769433929143, -0.04364940666590278
0.03396287561774117, -0.043306229722509866
0.03361333782597255, -0.04296660096633245
0.0332689864712869, -0.04263046758807273
0.032929728427640144, -0.04229777772335986
0.03259547194132225, -0.04196848043908346
0.03226612663510448, -0.04164252571967024
0.0319416035108892, -0.04131986445331919
0.031621814950964576, -0.0410004484182103
0.03130667471792118, -0.040684230268700654
0.03099609795329232, -0.04037116352152144
0.03069000117499172, -0.040061202541988514
0.0303883022736092, -0.039754302530238594
0.030090920507618565, -0.039450419507502506
0.029797776497579753, -0.03914951030242632
0.02950879221935974, -0.03885153253745052
0.029223890996463154, -0.038556444615256924
0.028942997491499558, -0.03826420570529229
0.02866603769686115, -0.037974775730377296
0.028392938924645526, -0.037688115353408685
0.028123629795884553, -0.03740418596416223
0.027858040229122732, -0.037122949666203386
0.02759610142839034, -0.03684436926391216
0.027337745870613186, -0.03656840824962825
0.02708290729251453, -0.03629503079092212
0.02683152067702625, -0.03602420171799697
0.02658352223927722, -0.03575588651122671
0.026338849412174965, -0.03549005128883394
0.026097440831626746, -0.03522666279471219
0.02585923632143001, -0.034965688386395924
0.025624176877872985, -0.03470709602318162
0.02539220465407319, -0.03445085425440289
0.025163262944078835, -0.03419693220786216
0.024937296166770435, -0.03394529957842137
0.024714249849587647, -0.03369592661675367
0.02449407061211067, -0.033448784118257795
0.024276706149510194, -0.03320384341213669
0.024062105215908024, -0.03296107635064159
0.023850217607654788, -0.03272045529848251
0.02364099414655437, -0.03248195312240596
0.023434386663059078, -0.03224554318094042
0.023230347979437495, -0.032011199314309825
0.02302883189296513, -0.03177889583451545
0.022829793159115406, -0.0315486075155858
0.022633187474807272, -0.03132030958399465
0.022438971461686805, -0.031093977709246576
0.022247102649496305, -0.03086958799462971
0.022057539459504793, -0.030647116968134745
0.021870241188042507, -0.030426541573539696
0.021685167990147053, -0.03020783916165927
0.02150228086330869, -0.0299909874817578
0.021321541631358305, -0.029775964673124714
0.021142912928483908, -0.02956274925681113
0.020966358183400074, -0.029351320127526292
0.020791841603657702, -0.029141656545692292
0.020619328160130995, -0.028933738129655714
0.02044878357166322, -0.028727544848054405
0.02028017428988955, -0.028523057012337774
0.020113467484240387, -0.02832025526943888
0.019948631027132926, -0.028119120594596477
0.0197856334793459, -0.02791963428432515
0.0196244440756048, -0.02772177794953169
0.019465032710342736, -0.02752553350877564
0.01930736992368957, -0.027330883181672212
0.019151426887640526, -0.027137809482435316
0.01899717539245617, -0.026946295213558912
0.018844587833253327, -0.02675632345963435
0.018693637196813807, -0.026567877581301816
0.018544297048614804, -0.026380941209333677
0.01839654152005707, -0.02619549823884753
0.018250345295923877, -0.02601153282364696
0.018105683602039263, -0.02582902937068772
0.017962532193158444, -0.025647972534667326
0.01782086734106265, -0.02546834721273574
0.017680665822869816, -0.025290138539325116
0.017541904909563626, -0.025113331881096417
0.017404562354741925, -0.02493791283200078
0.01726861638355888, -0.02476386720845336
0.017134045681904096, -0.02459118104461777
0.017000829385774317, -0.02441984058779873
0.01686894707086228, -0.02424983229394099
0.016738378742349534, -0.024081142823232364
0.016609104824911947, -0.02391375903580887
0.01648110615291642, -0.02374766798755975
0.016354363960840244, -0.023582856926030585
0.016228859873865305, -0.023419313286422182
0.016104575898689365, -0.02325702468768353
0.015981494414529895, -0.023095978928696637
0.01585959816431024, -0.02293616398455134
0.015738870246049443, -0.022777568002908238
0.015619294104432439, -0.022620179300447744
0.015500853522572631, -0.02246398635940342
0.015383532613946344, -0.022308977824177692
0.015267315814520285, -0.022155142498038228
0.015152187875049983, -0.022002469339893024
0.01503813385355244, -0.021850947461142523
0.014925139107952842, -0.021700566122607
0.014813189288902495, -0.02155131473152747
0.014702270332761015, -0.021403182838638443
0.014592368454735813, -0.02125616013531083
0.014483470142199233, -0.021110236450763473
0.014375562148146174, -0.02096540174934148
0.014268631484812689, -0.020821646127860017
0.01416266541745113, -0.02067895981301189
0.014057651458252931, -0.02053733315883738
0.01395357736